$ANSIBLE_VAULT;1.1;AES256
36323336336433383765383534656638303038343761326639383539386365316663623231326336
6365353766363562303562366335626239303062323134620a616138666334396533333766613362
36306437643037303830333831663165373061316332316431353934356334313232613235666634
3763663031346630390a323433323630323235323735386438646566376661666139646139306331
64306134653562393032663864366233356136323264356130626162366363356530383164633461
32643830636164323932336236353961333465643134393965326435323661643461623937396434
65656363383737663735333763363936376235323461366630386464643438363336653263666130
36316564373633653836376538393661656565396435396335663635373764643463386237333162
37303266306361376130653934613333633065323665663462373937353166306365343134656635
64663161336239326465613436326334366431313833363939383164633233313834656639343562
31386534366238663630376163323365303937333136303564623831636536336264333164363536
38323264316566383661343230666663633538303961616432373034356434333265343735376531
33306131616531633461386537323630383662653662336466393663316266366136376463646165
65656661613663613665383662396666646464303231623662666531663638313836633362336463
35663433623630663936333161666561346639663037363561346164653132316231663534343066
31356266393762383665
